,shape2D_Elongation,shape2D_MajorAxisLength,shape2D_MaximumDiameter,shape2D_MeshSurface,shape2D_MinorAxisLength,shape2D_Perimeter,shape2D_PerimeterSurfaceRatio,shape2D_PixelSurface,shape2D_Sphericity,firstorder_10Percentile,firstorder_90Percentile,firstorder_Energy,firstorder_Entropy,firstorder_InterquartileRange,firstorder_Kurtosis,firstorder_Maximum,firstorder_MeanAbsoluteDeviation,firstorder_Mean,firstorder_Median,firstorder_Minimum,firstorder_Range,firstorder_RobustMeanAbsoluteDeviation,firstorder_RootMeanSquared,firstorder_TotalEnergy,firstorder_Uniformity,firstorder_Variance,glcm_Autocorrelation,glcm_ClusterProminence,glcm_ClusterTendency,glcm_Contrast,glcm_Correlation,glcm_DifferenceAverage,glcm_DifferenceEntropy,glcm_DifferenceVariance,glcm_Id,glcm_Idm,glcm_Idmn,glcm_Idn,glcm_Imc1,glcm_Imc2,glcm_InverseVariance,glcm_JointAverage,glcm_JointEnergy,glcm_JointEntropy,glcm_MCC,glcm_MaximumProbability,glcm_SumAverage,glcm_SumEntropy,glcm_SumSquares,glszm_GrayLevelNonUniformity,glszm_GrayLevelNonUniformityNormalized,glszm_GrayLevelVariance,glszm_HighGrayLevelZoneEmphasis,glszm_LargeAreaEmphasis,glszm_LargeAreaHighGrayLevelEmphasis,glszm_LargeAreaLowGrayLevelEmphasis,glszm_LowGrayLevelZoneEmphasis,glszm_SizeZoneNonUniformity,glszm_SizeZoneNonUniformityNormalized,glszm_SmallAreaEmphasis,glszm_SmallAreaHighGrayLevelEmphasis,glszm_SmallAreaLowGrayLevelEmphasis,glszm_ZoneEntropy,glszm_ZonePercentage,glszm_ZoneVariance,glrlm_GrayLevelNonUniformity,glrlm_GrayLevelNonUniformityNormalized,glrlm_GrayLevelVariance,glrlm_HighGrayLevelRunEmphasis,glrlm_LongRunEmphasis,glrlm_LongRunHighGrayLevelEmphasis,glrlm_LongRunLowGrayLevelEmphasis,glrlm_LowGrayLevelRunEmphasis,glrlm_RunEntropy,glrlm_RunLengthNonUniformity,glrlm_RunLengthNonUniformityNormalized,glrlm_RunPercentage,glrlm_RunVariance,glrlm_ShortRunEmphasis,glrlm_ShortRunHighGrayLevelEmphasis,glrlm_ShortRunLowGrayLevelEmphasis,ngtdm_Busyness,ngtdm_Coarseness,ngtdm_Complexity,ngtdm_Contrast,ngtdm_Strength,gldm_DependenceEntropy,gldm_DependenceNonUniformity,gldm_DependenceNonUniformityNormalized,gldm_DependenceVariance,gldm_GrayLevelNonUniformity,gldm_GrayLevelVariance,gldm_HighGrayLevelEmphasis,gldm_LargeDependenceEmphasis,gldm_LargeDependenceHighGrayLevelEmphasis,gldm_LargeDependenceLowGrayLevelEmphasis,gldm_LowGrayLevelEmphasis,gldm_SmallDependenceEmphasis,gldm_SmallDependenceHighGrayLevelEmphasis,gldm_SmallDependenceLowGrayLevelEmphasis
shape2D_Elongation,1.0,0.721032069263928,0.6150017698355973,0.3800956304459922,0.0493716139874591,0.5209247765012136,0.08670018258872246,0.38009638501759746,0.4822076388865753,0.07966092420902304,0.017806805921687357,0.3797787821970594,0.047348899591307704,0.08196871270608151,0.037166188758213765,0.09582083221909991,0.07817620955802042,0.022320115362352084,0.02736407455414659,0.1664888456054932,0.14317964219657506,0.07925854417526626,0.02228756160405549,0.3797787821970594,0.03337586328754421,0.02141588739143138,0.09238291658878345,0.012598941031717046,0.025188445256913994,0.17636844394418172,0.16964782407703777,0.16006988733979394,0.1350657050537523,0.17601351251764352,0.11963324718153036,0.10846709660058355,0.17502658091317505,0.15552012531983928,0.052358830989922354,0.14189523891836686,0.11263731352451865,0.10137021281927408,0.05534364170683068,0.07534418259665232,0.13401319003442363,0.022602027315138717,0.10305564209182373,0.03028664389512683,0.05337277910110089,0.3611416556379509,0.03823170316018951,0.06257629073326704,0.11125014718358317,0.0476534886170146,0.012033750864174764,0.05154203486865356,0.01675186856171174,0.38854473473265166,0.1295846301183267,0.11689953785456465,0.17051079579297054,0.021093092225939858,0.054242547822635497,0.11072325078952999,0.03451523254226231,0.3558817754274836,0.03447758397035324,0.05838797200965838,0.11025654201778172,0.08886856350524752,0.040713864798731854,0.06287602884878338,0.02465918023682177,0.0037064959796343955,0.38990145937023696,0.10891672369100155,0.10176196223003718,0.08561043310316306,0.10172572848492693,0.13009326928453058,0.013632077276198577,0.39407807456686267,0.2206002193331349,0.1631968868452428,0.14251762721238803,0.21841762938100476,0.07997069345335044,0.3895750124689752,0.14896813599154543,0.0881355194753583,0.3534830990478167,0.056907148391399945,0.11006464818419948,0.07700050438291543,0.03165869297976875,0.09134679294609961,0.027104731034747635,0.13967808033711562,0.1930057445294109,0.08288281851074526
shape2D_MajorAxisLength,0.721032069263928,1.0,0.9826170930322091,0.8745000247985482,0.6881958789800348,0.9417448760826859,0.5800243357701271,0.8745001644057812,0.5222599036367858,0.022630048650682966,0.3042340895228231,0.8745440925215141,0.0028701499040720557,0.37405509992892516,0.15222635892121564,0.41224510739929765,0.3810149589795471,0.2251080053185573,0.22196627204882374,0.3586432178479741,0.4683120321904486,0.3743538226294853,0.22525213369867944,0.8745440925215141,0.04059285171834345,0.29115424085560077,0.025224758640062742,0.1765819224791424,0.18662489829258636,0.47572385049745486,0.4643019004441512,0.45187949130474425,0.41536943709623403,0.47906275828880857,0.3880818273486241,0.3699948208043489,0.4737604071444688,0.4445192500983977,0.28953317175999455,0.3347627746532075,0.3739478094770271,0.014550576632911979,0.048444401341419384,0.17692120619942792,0.2982724631685796,0.019291181892646145,0.015786668242848016,0.17659700273797496,0.014952921342628926,0.8145407028662653,0.021597200605408436,0.03797406498722026,0.017771575284379986,0.2935248583988697,0.2512114861127005,0.2545049187030126,0.17333261648220114,0.8320882147326258,0.39666558511064887,0.37960835532284004,0.20949960027163642,0.2799701590872115,0.3044970697456454,0.3737833428586842,0.2754328395740271,0.8172934340202208,0.03605593823879336,0.023697170183330243,0.015369015232547596,0.34433085365395644,0.1532336550518812,0.014526429235884495,0.15467738770071382,0.14863867248360246,0.8731284057688105,0.37005373677552655,0.36092570994891626,0.3398928618531995,0.36070600741470665,0.07437289786242393,0.19126111364784795,0.8094472606907755,0.7055435937431042,0.3558339452207259,0.4586731238394789,0.6816076384177437,0.3660335715136044,0.8491925462044542,0.44996121609644185,0.3458449476029682,0.8167336969886954,0.01864039274658171,0.01473710153213588,0.3382938188634659,0.28534903533592987,0.33307499549757397,0.14842471267014123,0.4375235703482061,0.43353514730476217,0.4261819245302556
shape2D_MaximumDiameter,0.6150017698355973,0.9826170930322091,1.0,0.9229044292102201,0.7873303117384606,0.9700317410664143,0.6357627401679609,0.9229045285938084,0.5158163417606494,0.062265037152721504,0.3599240203276052,0.9231744861794502,0.021623222331655235,0.4172640395988562,0.13098621930000026,0.4745174093320907,0.42586035191734556,0.28115408491540234,0.27871643289639625,0.3807390382429486,0.5258065462368023,0.4181861488634039,0.2813144477578014,0.9231744861794502,0.015338952205565685,0.3425546096156872,0.031015919881958377,0.21059051885883817,0.20191314064898377,0.5325201014853029,0.49772808668778445,0.5128673041415471,0.4793114682063919,0.535769896942085,0.453335402804791,0.43574387368446443,0.5311457844981247,0.5062756896711387,0.3330471910155219,0.3547674051083906,0.4392793403305474,0.01435755493996659,0.08947834034612921,0.2327805728865972,0.34106576888449763,0.018356841867985755,0.015769887341359548,0.16645479088244966,0.023825787354171565,0.8584340339937293,0.005082792305207894,0.04900961428387639,0.016815081073221105,0.35913608178960005,0.3108193943456117,0.31402760168935745,0.1871229036494947,0.8566026275263515,0.459360034265757,0.44319191867582364,0.2421580052992151,0.309906724524783,0.33683570892051773,0.4381159277082662,0.3405475148245159,0.8684157604475199,0.010415676446863168,0.032834426282905664,0.014171084191681416,0.4096153978295736,0.18688248991407228,0.029986770527842214,0.16765468062717392,0.14939896925019433,0.9140890800911139,0.43437579730861475,0.42568980014406577,0.40537657445350345,0.4253678538057542,0.08417557809014478,0.21029286789535903,0.8343091406290412,0.7613244108445271,0.4036884528708912,0.5243849846616966,0.7294809636463382,0.3998130518596228,0.8789747940163432,0.5142528661779269,0.41351953317896667,0.8700902195694925,0.02708422525341304,0.01345686920660906,0.4065161618088808,0.3475490168442998,0.3977000622100094,0.16099660684433326,0.5022700917229878,0.4993404906021646,0.47607577159896347
shape2D_MeshSurface,0.3800956304459922,0.8745000247985482,0.9229044292102201,1.0,0.8937706866443096,0.9112573311192453,0.7440613786999537,0.9999999999944713,0.29116618118399223,0.05244943353290086,0.3511621981866329,0.9999861435573675,0.02023670494488425,0.40597210920612553,0.10803890423853724,0.47103791873060386,0.421659352806537,0.2709907710525886,0.26757803371417316,0.3893938303674765,0.5266777858505619,0.4091088198248194,0.2711597555323531,0.9999861435573675,0.018696544367550444,0.34569682576526245,0.021833043961188663,0.20170110112154338,0.1737026130942951,0.4921680733078979,0.4578539815128461,0.4770163159014998,0.44922083787262634,0.4954941724028053,0.4270107207913499,0.4118350850004297,0.49122566851052696,0.4716326512511682,0.3105843284195612,0.3069642320635275,0.41474554863131663,0.018199390304820127,0.06989132274960466,0.21734356819644296,0.2707552694511072,0.0009595856662483952,0.02019245550253931,0.15260131157162637,0.036591383564022424,0.9549969378798523,0.003471270861342495,0.05938232729639981,0.020773997201709818,0.3485199288697122,0.3008766074545006,0.3060812103224571,0.19154206137287982,0.9356675360974844,0.4333447352903882,0.42014624745606116,0.2338005624134591,0.3083413069604788,0.31932003546672866,0.41506889519346835,0.33207393489451015,0.9649999336470272,0.013365711602521053,0.04386848581814601,0.01844760539161089,0.3905572120763961,0.17439325008962572,0.01986210456387096,0.17176296019513068,0.1415693427451533,0.9926987590637502,0.41127745255595444,0.4039960701391622,0.38676103205354123,0.40383935713527536,0.08502521061264737,0.21258309961915609,0.9102177941308727,0.7695937928188877,0.347683091099396,0.5171697209030334,0.7473082341225383,0.3808307636408908,0.9598717502457886,0.4849971709843201,0.3946427517579,0.9664354742381704,0.03835925290108734,0.017792095034582393,0.3926464757038584,0.33365018810784064,0.38610847151952,0.16505741609347066,0.4789622233152343,0.4760359641968098,0.46406954448516596
shape2D_MinorAxisLength,0.0493716139874591,0.6881958789800348,0.7873303117384606,0.8937706866443096,1.0,0.8216155333998075,0.7919056393565461,0.8937703367045855,0.2339677614831822,0.08398028017422123,0.4462278908560112,0.8942922254719844,0.041784508198252954,0.5078383500676327,0.16225305204567259,0.5364677377662201,0.5218914830429289,0.35556741426059074,0.3562560784401926,0.4031572993153861,0.5831841163941517,0.510845597566593,0.3557993788969636,0.8942922254719844,0.07602326396853347,0.46478436155441094,0.09980754335551617,0.31548260993476596,0.2704845278772853,0.5340798939873752,0.5066528509721363,0.5238936123578077,0.5060440524586051,0.5390310667641589,0.4878582139749482,0.4768137430463724,0.5331594985059525,0.5196878477296036,0.4058285577243778,0.3319101947209564,0.4779618950168833,0.044502725811661904,0.048046268498545715,0.21743475588385766,0.3122862582768074,0.026243777938788366,0.04347421871584672,0.21714006254208681,0.047437266890850774,0.8147942468861864,0.054498809488025886,0.022378421133376125,0.05484669061320741,0.443920038133871,0.4093291050679035,0.3959359057363588,0.225354206763589,0.8018498353681518,0.48706800464539196,0.47905519432243193,0.1912740104674612,0.35818706686730084,0.4173929166464889,0.4783744691477764,0.43384458095894235,0.8316545332529599,0.07078025054967889,0.03968925993007604,0.057602768607322566,0.4650337193294224,0.2706689489662379,0.023280268928604846,0.20593164785830112,0.22842249448430668,0.8734473942027747,0.4763121827977971,0.47227098645529914,0.46271404950536293,0.47220026135202703,0.018893125095590366,0.2537737553850324,0.7659479806588211,0.8329378081647362,0.3838901821352492,0.5434879977086357,0.7974287053550833,0.4740515569922998,0.8318960211233462,0.5358666701337116,0.4683111480467185,0.835826627980686,0.04583110991059665,0.05845654188232932,0.4727584751010533,0.43289110269191255,0.4638405962399126,0.1991081484332055,0.5324637218554352,0.496699893814314,0.5281652326146394
shape2D_Perimeter,0.5209247765012136,0.9417448760826859,0.9700317410664143,0.9112573311192453,0.8216155333998075,1.0,0.5694444817652042,0.9112572719527984,0.6182552628585924,0.034659732830371506,0.4219974476042525,0.9119402344739644,0.031496372148807676,0.5137856436249604,0.15961619603513794,0.5189305350866499,0.5214439811973701,0.32041259250493,0.32225780409536325,0.4307949908381411,0.5809748619236362,0.5156818902910654,0.3206643294471116,0.9119402344739644,0.054880926345224845,0.4648323302070689,0.0860950346110207,0.3337352657891335,0.3026215066842475,0.5605461071079811,0.5345717032900744,0.551548538106953,0.5329585369607065,0.5645720261385109,0.514265715851063,0.5024803863382744,0.5600599142089768,0.5474611748035357,0.43340085494491,0.39939973154851277,0.5036595381861557,0.025988513716316265,0.09094056497504692,0.24575214982774146,0.3897731604706892,0.025253393007309662,0.024565885722287344,0.2204235075175114,0.06903783867495564,0.8105370329970244,0.03696540956680494,0.04266563777794467,0.034936335911843835,0.46077732911863634,0.42457162788493785,0.41522745721169957,0.17222724647674784,0.8138981480716956,0.5135008301718227,0.5036179721626481,0.22727770282593204,0.3110468956481449,0.42860909639777284,0.5029128830504265,0.44940703081267724,0.8276307653643379,0.05050874631770611,0.06050331996791541,0.03827770788183879,0.487048320844207,0.27011064968799964,0.07293558590038579,0.15590482220449728,0.2274807184802953,0.8900683144032427,0.500550389506951,0.4957594506643377,0.48480323999034025,0.4954908102200252,0.04373586838805063,0.2052264567526638,0.7858625282995063,0.7172382955775015,0.4508028028789293,0.5223336079726293,0.682370339302247,0.47967483975381453,0.8436347310104921,0.5545259420351831,0.4885226602058074,0.8319431461538682,0.06682949376428765,0.03922263018330454,0.48904320839209503,0.44781015681588227,0.48120150578365445,0.1499380204721382,0.5493261972312609,0.5305868399726,0.49560140567944655
shape2D_PerimeterSurfaceRatio,0.08670018258872246,0.5800243357701271,0.6357627401679609,0.7440613786999537,0.7919056393565461,0.5694444817652042,1.0,0.7440610892953082,0.22467669611116664,0.20582410450815153,0.40991609488743075,0.7442634696365332,0.08731570600640857,0.38856742961903934,0.23098190530323467,0.47625778309624406,0.4000680206985979,0.3664569084943571,0.3607425783600297,0.25311446879436156,0.4744566016584222,0.38856309784595805,0.36650917605372346,0.7442634696365332,0.1299013061811049,0.2775713976741258,0.13674887670562313,0.1554545820624128,0.18887775701584744,0.38330106810736303,0.4333059464675637,0.3592137897234841,0.3251840489951074,0.38808258911179067,0.2986213358853297,0.2819071416005718,0.38115697321140507,0.35213735363532433,0.2352623577530482,0.25162804666101674,0.2873171908353954,0.1091941715996681,0.05991222741129713,0.050370891853916855,0.16403036583862995,0.15793756681273724,0.10938130783183486,0.2356981126823389,0.02947370287054729,0.7045220093079112,0.10850706005971664,0.00902647834226915,0.10781518858844653,0.22066939453402326,0.20243171104348306,0.15999239526095604,0.29495455140390703,0.7365633889565724,0.31013814574645704,0.2966996482454338,0.03220626472159666,0.3731793481235661,0.304998449776524,0.2918644417756111,0.2040853730406534,0.699087724024658,0.12475784851234079,0.020584141349745937,0.10822795784431727,0.2665608532980246,0.19897840974105857,0.12568084296761045,0.27391805655568247,0.20143048152461068,0.7510432955428699,0.2903904685844473,0.2816080224303558,0.2613099286376702,0.2822636587549848,0.0692188556151202,0.3022452488547578,0.6939112713788792,0.8527174488841254,0.22158239606250207,0.38720354065138585,0.8267476152516661,0.37321576870597956,0.7500184569165368,0.37255776793715045,0.26562682836792834,0.696166121916184,0.02460450173659194,0.10837235467059832,0.2636068648877357,0.23814285525696102,0.23495565701642815,0.26718983621652104,0.36562027514622725,0.2821082617441813,0.46581441246895705
shape2D_PixelSurface,0.38009638501759746,0.8745001644057812,0.9229045285938084,0.9999999999944713,0.8937703367045855,0.9112572719527984,0.7440610892953082,1.0,0.2911661277136093,0.052448111408358956,0.3511611987461709,0.9999861382944051,0.020237338528216617,0.4059716957026994,0.10803862427441405,0.47103728380349996,0.4216589337253669,0.2709895554627051,0.26757680218567576,0.3893945442400869,0.526677587458527,0.4091084092421659,0.27115854039617115,0.9999861382944051,0.018695960722453882,0.34569657976973495,0.021832013055259038,0.2017005713212419,0.17370192416833713,0.4921676747969175,0.4578531623931213,0.477016063467496,0.44922071239561767,0.4954937605699486,0.4270106704700972,0.41183507378457423,0.491225291588217,0.47163243306604385,0.3105840343548439,0.3069634630343588,0.4147455399069141,0.018200354306496396,0.06989177849884641,0.2173440230781326,0.27075466941530896,0.0009600556016914779,0.020193420172593617,0.15260049763162675,0.03659193996268238,0.9549970842343237,0.0034718363509199748,0.0593828904243414,0.02077498383841412,0.3485199726559391,0.3008764529379645,0.3060813971305192,0.19154148174010535,0.9356674632376135,0.43334462335009377,0.42014618320935737,0.2338015623763245,0.30834073847411037,0.3193194995396181,0.4150688434259751,0.33207398730832793,0.9650001244866565,0.01336513252517837,0.04386907118254382,0.018448590384243325,0.3905572014652666,0.17439254716235222,0.019862631525493807,0.17176238141783398,0.14156869279893552,0.9926987328991237,0.4112774072080834,0.4039960360649728,0.3867610230400662,0.4038393282933707,0.08502623647663231,0.21258252274964662,0.9102178631046693,0.7695934905289897,0.34768306859667736,0.517169666735569,0.7473081215379557,0.3808301358753368,0.9598717084551556,0.484996963978747,0.39464278479352816,0.9664356786179317,0.03835984533743412,0.017793080089171534,0.39264651609657997,0.3336500038126386,0.3861086513122734,0.16505683737337046,0.47896207659439993,0.4760364012137378,0.4640690385020121
shape2D_Sphericity,0.4822076388865753,0.5222599036367858,0.5158163417606494,0.29116618118399223,0.2339677614831822,0.6182552628585924,0.22467669611116664,0.2911661277136093,1.0,0.056852938078332194,0.19167471114291332,0.2921559651749282,0.06365265751181974,0.28479467970060185,0.012192283428350431,0.2405522828034854,0.27950942420572555,0.12571694770944555,0.13392304467641694,0.2695184987203408,0.2981456554952717,0.2851084872029716,0.12592542218442618,0.2921559651749282,0.07085888357953804,0.30071483277716954,0.05508422126094736,0.2596132507660815,0.20591059883357143,0.41183621020560757,0.3179598299456919,0.4096928182771801,0.4039594075209149,0.41377877132335383,0.3961958957253102,0.3915163245824591,0.41146919726422326,0.4078793499337916,0.326345926081051,0.29389310264607954,0.38928952357784474,0.004194342556242421,0.19598673886628173,0.28687367646942546,0.4092318042494491,0.18906619871590574,0.0032162108656361285,0.0568630072984169,0.03486122972895569,0.19948897549515987,0.07468119128607596,0.01884597210074006,0.011701760920949687,0.36969109691200136,0.3459819648249595,0.3451922400663256,0.015930665829396895,0.17858784593849483,0.39184803299718174,0.38590816953814255,0.1964487137137771,0.118092027607425,0.25911903012549864,0.3869175066459456,0.36451410016391694,0.22587919967566042,0.07187046779152748,0.03234149994058033,0.015571220306976519,0.38099581303939917,0.20692923669738233,0.14314679820639303,0.015642359753940818,0.08699884275047776,0.2573534664413389,0.3849058788047248,0.38396817666557337,0.3816372225041806,0.38275303970263014,0.050541506963708016,0.05181671354186866,0.18474781328064827,0.14673783744953459,0.4326958488251061,0.3369281626563115,0.10709721463756608,0.2660692605690834,0.2001242487556063,0.394486455278563,0.3792751639340231,0.234243765190131,0.03714372194094551,0.016667317981509607,0.3758740326598402,0.355016665204898,0.3682043838304987,0.014585081217037728,0.3859898835370042,0.3988819157178267,0.25928833053356737
firstorder_10Percentile,0.07966092420902304,0.022630048650682966,0.062265037152721504,0.05244943353290086,0.08398028017422123,0.034659732830371506,0.20582410450815153,0.052448111408358956,0.056852938078332194,1.0,0.6439622125504708,0.056068613741674315,0.034214006602908936,0.1742700477781127,0.1531591610840856,0.5497293495839799,0.17043414519586264,0.8232338651270079,0.8124930621454396,0.4950813494618873,0.22256295847455282,0.17046168726048885,0.8228262778651464,0.056068613741674315,0.05545054380103937,0.0584532507945392,0.08649960993838278,0.013744243273774333,0.08389622423102197,0.21192704062412374,0.22524080298380522,0.16455528440409892,0.11244340467937221,0.211195689730349,0.08716946409989114,0.06990371775260117,0.20537612042625364,0.15303843852008853,0.04973559736885735,0.1639595593059353,0.0747810870468492,0.06980384999037464,0.029238697370329022,0.0006252615002272017,0.13953828729138218,0.07622891950010832,0.07111066221465213,0.1137604188722411,0.002327222644117467,0.04743059024667434,0.04511259164614582,0.004924083084940093,0.059547598398978774,0.00476337047119414,0.008511678000032682,0.001571215315755656,0.08880767235616796,0.066656135867392,0.10242720078577891,0.0860333371708424,0.03167079836174418,0.1149904061391765,0.08766684874246561,0.07563109413126809,0.010483844046813866,0.040745561004199196,0.052846032863389986,0.001952013323254379,0.058276582444907896,0.05050188927831938,0.05224415793890032,0.04411413489418243,0.08242672293064042,0.06212304741306935,0.06014551413358745,0.07220785340681948,0.0644969166334265,0.046736704293526714,0.06426806733084904,0.055096851510843224,0.09061997994250592,0.05533880921773239,0.1388831799855984,0.15811264967074726,0.12813382522902797,0.11191115195080334,0.1300881006345551,0.06339540377031473,0.14762713213233036,0.04467206609863438,0.038321488225307336,0.004434682242002354,0.05788969217601506,0.03177162704129421,0.01586442724745825,0.03630166275639163,0.08020804312401073,0.12471130584881746,0.06906770371777446,0.15631473031530857
firstorder_90Percentile,0.017806805921687357,0.3042340895228231,0.3599240203276052,0.3511621981866329,0.4462278908560112,0.4219974476042525,0.40991609488743075,0.3511611987461709,0.19167471114291332,0.6439622125504708,1.0,0.3554833897199562,0.35135588327219175,0.8650664513921468,0.3567307972153911,0.9378887774662391,0.8633041738013951,0.9635968570490594,0.9657282713480296,0.14611816731686977,0.7888462672926364,0.8634103380837025,0.9637822922700318,0.3554833897199562,0.3114421980393401,0.7824432348348986,0.3628884815980785,0.7037881131905589,0.7093676282017427,0.5709537292770651,0.7231499395387538,0.583077145169508,0.5955995051625379,0.5735487738759592,0.5954120663429732,0.5972522584917206,0.5715959602592745,0.5842612396606676,0.7308771225588018,0.6680330232817709,0.5964043245379957,0.25707049715552743,0.011010230954435922,0.11002285439620882,0.5467012052886695,0.07054883039296478,0.25806682125552216,0.544011897955652,0.49305662854942195,0.14658276098341788,0.30173087336801424,0.47030033304016416,0.30122917904499824,0.6364812541096883,0.6418705233901273,0.6235497477078126,0.08985457452640613,0.16321242875647604,0.5836869190638395,0.5914348389730234,0.0026830537037396468,0.25829415430934227,0.7451325246188886,0.5979407283119522,0.638150390796254,0.18976931177604484,0.3087803387112572,0.4908522014368849,0.30402831419097887,0.61404284937344,0.5287347031716466,0.19864791132499476,0.08489900631876092,0.5802434840452836,0.28854874851522855,0.6004796543287804,0.6050555033860897,0.6156305952269506,0.6055614633899713,0.21324870537003768,0.14687313211602707,0.10485255228578656,0.27662540936475816,0.5356921190840509,0.2950811724753701,0.21234477738425914,0.7696755726312866,0.20884224960157693,0.5832900205308803,0.6000703143487653,0.20421721267171633,0.4980360272386934,0.30485045573478387,0.6142664557921619,0.6344014576134502,0.6262307480149681,0.08181368802022879,0.5965537506025202,0.44350660979279244,0.46190377999362875
firstorder_Energy,0.3797787821970594,0.8745440925215141,0.9231744861794502,0.9999861435573675,0.8942922254719844,0.9119402344739644,0.7442634696365332,0.9999861382944051,0.2921559651749282,0.056068613741674315,0.3554833897199562,1.0,0.018746613798187966,0.40916242914787326,0.1094946188685673,0.47459065339030176,0.42479149199480865,0.275491971167727,0.27211563804408295,0.3888261993287977,0.5292029824199828,0.412289708057106,0.2756613727803685,1.0,0.01991038133365219,0.3488694382662311,0.023843820270909723,0.20462740476896288,0.1765480825912565,0.4935499325975303,0.45980877713060314,0.4785976297353313,0.4510298825693412,0.49687376430934554,0.4289410450788081,0.41384942077855924,0.49262749542750184,0.4732571506943737,0.31332476144565996,0.3090197750463581,0.41673824606897886,0.016549130147417476,0.06988822949894234,0.21760674935489763,0.27241568643399006,0.0008178667047701428,0.01853733189343471,0.15449569393077847,0.03421915267411782,0.9540801210023081,0.002238069909683049,0.05707082770992214,0.018901789300848376,0.35110583383931515,0.3037080123634548,0.30849158933218646,0.19194489852336577,0.9348200348743871,0.43524189466216173,0.42214946875080006,0.23298984273232023,0.3092613643750741,0.32209766652513844,0.41713673404160834,0.33473953399742773,0.964290477348839,0.014582342876113352,0.0414971806939158,0.01657234590826676,0.3928234246380583,0.17694403708263373,0.020429544118985662,0.1721889420511744,0.14385193556862452,0.9923757904774878,0.413377396305804,0.40615239699533956,0.389052366013361,0.4060006182114864,0.08346041884726582,0.2132148958803555,0.9091076313156901,0.7693556221375724,0.349317102825694,0.5174500264790162,0.7468727870388165,0.38344380498322966,0.9592551429316357,0.48660816112331184,0.39678013643537585,0.9657990326701508,0.0359667392908722,0.015915841592351952,0.3948909787649915,0.33626795982716307,0.3882423594177937,0.1654838261402509,0.4807140948973283,0.4769003038191883,0.4654543061525983
firstorder_Entropy,0.047348899591307704,0.0028701499040720557,0.021623222331655235,0.02023670494488425,0.041784508198252954,0.031496372148807676,0.08731570600640857,0.020237338528216617,0.06365265751181974,0.034214006602908936,0.35135588327219175,0.018746613798187966,1.0,0.43758264657042684,0.9038064690019358,0.09384746356634015,0.4250157139063148,0.2731075959454065,0.2799000426436883,0.25918185846676944,0.03413128860072132,0.4346693998226817,0.27333322367861534,0.018746613798187893,0.987196999737996,0.40832875175108074,0.16070473049060308,0.5939741156963525,0.7612082530745075,0.266343659343608,0.3221198623505303,0.2637084197405206,0.23214567154537488,0.2577507628875725,0.2207216740122437,0.20382363815483143,0.2681567285121525,0.2616234422538564,0.41216603967301096,0.4392504762678771,0.20991568001740946,0.08006197637505869,0.8554157661857679,0.798873157748077,0.21349106892480857,0.8465491460069171,0.08264734405156632,0.9411753397778183,0.9141671849223002,0.2120962423887221,0.9903255875507283,0.9204764591775318,0.17705802187018693,0.0024826029634952597,0.0939723919299052,0.152026972254369,0.28830844010524825,0.04419151597983439,0.21466146877588452,0.19388104554100402,0.2552285369914519,0.2881679438152713,0.6298248044615451,0.17715006018584867,0.03995037281424565,0.22379145436354583,0.9880269799369777,0.9158424634303182,0.1759574693606631,0.12354293763519932,0.09662961377652927,0.2639327479698479,0.29046307327944415,0.9252312015024682,0.03576740937744501,0.16982780970947714,0.15468181302409892,0.1155045958480457,0.1540787975924172,0.19933119787529816,0.2907763404621337,0.11671995456863353,0.06818089807679384,0.3189764936417874,0.5991525347189108,0.020753976590411664,0.6109763388456513,0.028380461961484103,0.2676956376269721,0.1776256930432318,0.22616953869952328,0.9138462338898818,0.17532229068580463,0.129679007524544,0.00878512624334337,0.03186624731644846,0.2912184100637137,0.2328253362560684,0.2858120213388001,0.27774573926304724
firstorder_InterquartileRange,0.08196871270608151,0.37405509992892516,0.4172640395988562,0.40597210920612553,0.5078383500676327,0.5137856436249604,0.38856742961903934,0.4059716957026994,0.28479467970060185,0.1742700477781127,0.8650664513921468,0.40916242914787326,0.43758264657042684,1.0,0.3697886963847261,0.8454581450343094,0.99921761785723,0.7008421819552342,0.710592890280442,0.5082097875033574,0.8665740394342931,0.9998932263679203,0.7013440127663854,0.40916242914787326,0.37265519092196214,0.9645680063313768,0.4105571745074318,0.8942125197155268,0.8614461676016223,0.5912768032234342,0.7844413018767709,0.6365724667959164,0.6855551829617226,0.5951574840111877,0.7011869955286831,0.7144754535812442,0.5962263268720331,0.645345985233109,0.9045067990858793,0.7545644259241252,0.710271040373295,0.28511900878603186,0.0037512378797636887,0.13122574921034919,0.610946828659323,0.05094296424218841,0.2857282469753098,0.6326390749047333,0.642024874725943,0.14569255861567293,0.36719398701381456,0.6146726513095782,0.3490507506629677,0.8059119011630405,0.8224801082145518,0.7925202639122402,0.05556075870377519,0.15899476891764242,0.67556655922225,0.695890249610947,0.019011564795648504,0.2530219920801932,0.9004939115691017,0.7109720222949051,0.8180168587765195,0.2043894892252103,0.3709995317484407,0.636310909027792,0.3534089299707786,0.7477052336133516,0.6416436309816834,0.282463301434113,0.05341697234472348,0.7103523146233812,0.32159782368940854,0.7164136951846685,0.7272356010302695,0.7521965022535653,0.7279847679343083,0.24028582759750708,0.1269922250324837,0.0918388770425099,0.2634597955430514,0.5811652093211754,0.28518131585858364,0.19870723292505438,0.9056450017064551,0.21853284719500862,0.6474444950043403,0.7341686799639513,0.22419202585167697,0.6438184448501431,0.35468924676008595,0.7603976932203157,0.7976626180729232,0.7737519461262075,0.05092552204840619,0.6786572404407051,0.5179624304711146,0.48657652392104034
firstorder_Kurtosis,0.037166188758213765,0.15222635892121564,0.13098621930000026,0.10803890423853724,0.16225305204567259,0.15961619603513794,0.23098190530323467,0.10803862427441405,0.012192283428350431,0.1531591610840856,0.3567307972153911,0.1094946188685673,0.9038064690019358,0.3697886963847261,1.0,0.12146244698385258,0.3528083818274371,0.31978950915180204,0.3260056308104649,0.3467657285194586,0.04884849790662495,0.36534405057563385,0.31988634675184674,0.1094946188685672,0.9441254771058287,0.2976621723129028,0.053877616111266916,0.4025843785883395,0.6033816010993635,0.2411879272478365,0.2716851867006909,0.27473693321996784,0.2808975828513091,0.231829358700734,0.2885509192631091,0.2838017386861815,0.2476422152470723,0.28108947000413714,0.25700808475122094,0.3150944962405811,0.28725360280758194,0.011607989463209078,0.890722136832736,0.7992135932473967,0.3212232182053039,0.9157227688800459,0.008676784333261238,0.8516996864928134,0.7380046264823303,0.03869854423746977,0.9411329612237918,0.7453564086870508,0.067689748054553,0.1288883257055188,0.04138071641824145,0.01651159126918699,0.24452384466395222,0.14975740372287127,0.2831862957597348,0.27494095727832285,0.18504745787937665,0.267217385672164,0.49035353596609643,0.26329398805373205,0.09171501007160823,0.07057149550562024,0.9436078810583798,0.7392492127244104,0.06553385193028352,0.22811336150568717,0.03496148854974331,0.1854294224069702,0.25276345653603294,0.7969246236246732,0.11707203608342735,0.25854564727858376,0.24942668561977704,0.22275001305081485,0.24871110521972176,0.10038363275785098,0.2622348578282128,0.09553430964846354,0.14044604131499022,0.3021888874012106,0.5280621114282719,0.270755924812945,0.5049834245071942,0.15219443545541134,0.2861281184884035,0.2723927555837132,0.0799125706322284,0.7368177249460917,0.06452848212845703,0.2326118200727865,0.12796793632142833,0.07280331982396471,0.25522455326919924,0.2729483569442502,0.2646779666777515,0.2624144896644075
firstorder_Maximum,0.09582083221909991,0.41224510739929765,0.4745174093320907,0.47103791873060386,0.5364677377662201,0.5189305350866499,0.47625778309624406,0.47103728380349996,0.2405522828034854,0.5497293495839799,0.9378887774662391,0.47459065339030176,0.09384746356634015,0.8454581450343094,0.12146244698385258,1.0,0.8508660002206937,0.8789426352960272,0.8756711224027486,0.35250012726754887,0.9223154956178001,0.8446544896189724,0.8791434331623411,0.47459065339030154,0.06023587113649797,0.7477101244503367,0.24337221865950368,0.5969395377065221,0.5592325188453402,0.7502252007934358,0.7576169878418019,0.7619203550896034,0.762684746642104,0.7509495524586828,0.7554986312888359,0.7498648400105951,0.7517072616585779,0.7621655437274855,0.713833021530491,0.6607180856467931,0.7513997730396106,0.14203078860182664,0.23762980063199146,0.3709423836629356,0.6965654235069441,0.1684901354763101,0.14258018076194104,0.34361779703761175,0.25720277466360714,0.30334803671929766,0.04518473574565903,0.22748883396094574,0.16422959185051622,0.7150000136221123,0.6590569273909803,0.6949607512344169,0.10113404249830701,0.2661786847109171,0.7415258395205048,0.7416960311640676,0.20933860660811102,0.3084139259883374,0.6611850483473064,0.7426118823138619,0.6998887527779234,0.35519063719410926,0.05630228439330406,0.25276185714612326,0.16832040948771396,0.7390163938527751,0.47929944612171055,0.2423102534691806,0.09305860153077561,0.3799952872136951,0.4069167323710456,0.7425982296962401,0.741668602027187,0.7375618591416578,0.7418307660568538,0.05333606878721825,0.16762065296116088,0.23320948738027986,0.3703099880170449,0.7181027946583152,0.541725824959656,0.2726755215810041,0.7036905646866854,0.3111661274490727,0.7639209498736319,0.7408259325243304,0.3718307744377287,0.26166484660641626,0.1696144294067927,0.7396907545557805,0.6867513316436041,0.7464932553720258,0.0889103989349523,0.7668093142175697,0.6697082883073796,0.5714481791901276
firstorder_MeanAbsoluteDeviation,0.07817620955802042,0.3810149589795471,0.42586035191734556,0.421659352806537,0.5218914830429289,0.5214439811973701,0.4000680206985979,0.4216589337253669,0.27950942420572555,0.17043414519586264,0.8633041738013951,0.42479149199480865,0.4250157139063148,0.99921761785723,0.3528083818274371,0.8508660002206937,1.0,0.6975693355907427,0.7066456136828317,0.5215535339183874,0.8762848240848765,0.9994840918974223,0.6980723860200286,0.4247914919948086,0.36070598463865555,0.9638951868627939,0.4078169906370318,0.8912230678798195,0.8540241826000217,0.6050875792357587,0.7920237072206116,0.650601760641574,0.6989658620424322,0.608901022013214,0.71412167688678,0.7268966847793744,0.6101342607278366,0.65936054584479,0.9085348476423571,0.7603951689350222,0.7228421667826563,0.2825218022885671,0.008596799614361465,0.1468695293512776,0.6208216456707528,0.03792220211458009,0.2830347050929297,0.6249401345697361,0.6280911440251321,0.16378859636130993,0.35431818277357774,0.6000697415897335,0.34520873415004355,0.8142488382940971,0.8267611256918571,0.8002300751163962,0.06068772754701548,0.17079918841247796,0.6901166612623871,0.7099291818135256,0.02897155010965738,0.26198880379691625,0.9013414143214943,0.7244328345938624,0.8249456406903525,0.2237204704520528,0.3588338930812425,0.6222848322594666,0.3497017918286335,0.7596839420835904,0.6435563943433646,0.28363043502932894,0.05810019781257566,0.7029576028773282,0.3364792580735809,0.7297040562726262,0.7400929397047086,0.7638945981756046,0.7408510410199328,0.23470156670827325,0.13295808166896894,0.10335820627318108,0.2710336227784918,0.5919855522783779,0.30560591052558955,0.20352673841446478,0.9071490623269666,0.2312234566451751,0.6616871585756255,0.7455504096828687,0.24384945243353992,0.6299928844651318,0.3510316125161137,0.771165892533886,0.8037210853289549,0.7841925033417741,0.0554738630428583,0.6929789991202127,0.5319638005919661,0.4991905112556266
firstorder_Mean,0.022320115362352084,0.2251080053185573,0.28115408491540234,0.2709907710525886,0.35556741426059074,0.32041259250493,0.3664569084943571,0.2709895554627051,0.12571694770944555,0.8232338651270079,0.9635968570490594,0.275491971167727,0.2731075959454065,0.7008421819552342,0.31978950915180204,0.8789426352960272,0.6975693355907427,1.0,0.9991700182270344,0.06573451633163792,0.6555764219084413,0.6983899982955533,0.9999997268630656,0.27549197116773066,0.24969209046929008,0.6043200427050128,0.3140459356666546,0.5313916840249415,0.5572950634586779,0.49030796943613125,0.6052158526344116,0.48342995546319056,0.4758700188477994,0.4919735119566526,0.4677936011274906,0.4638417895818243,0.4885225443558476,0.4804833869357373,0.5566813160121873,0.5431135622786107,0.4646611928058186,0.23048807731193635,0.01835801503501135,0.07974636443140047,0.44778408119693974,0.078264931692722,0.2316112153055979,0.44014430633832563,0.3699368026203131,0.11630080222263488,0.23963164272272108,0.35264937243928585,0.2598936985170985,0.47488813178288425,0.48055872879027667,0.4579714558613898,0.10590936297128654,0.1359978896434465,0.46315192417527523,0.46378442509782475,0.025938357520791506,0.2365442817059247,0.5804548663910326,0.4656078063771325,0.4721721885320732,0.1461780222556017,0.24697976555303852,0.3699776162928724,0.26145158128618956,0.4703209937275647,0.42214325901963445,0.12028538066505436,0.10071609381345274,0.4510710779165203,0.22670617922756175,0.4664497804534863,0.4675965080128693,0.47045334645069736,0.46791501766809074,0.19365767468059808,0.14857707004584275,0.08762311680444455,0.2467407457407172,0.4481630760082915,0.256335252901705,0.191644418178909,0.6118633764827369,0.16901905236928008,0.47784043982353647,0.45842796085543824,0.1561476898530937,0.37607115294410076,0.2619035926395372,0.46530838399037616,0.4821060259907313,0.46917792272507736,0.09786200740871348,0.4799461716794223,0.341563528732522,0.3963902906940544
firstorder_Median,0.02736407455414659,0.22196627204882374,0.27871643289639625,0.26757803371417316,0.3562560784401926,0.32225780409536325,0.3607425783600297,0.26757680218567576,0.13392304467641694,0.8124930621454396,0.9657282713480296,0.27211563804408295,0.2799000426436883,0.710592890280442,0.3260056308104649,0.8756711224027486,0.7066456136828317,0.9991700182270344,1.0,0.055440223296486686,0.6572862306381083,0.7082424817487896,0.999183877326319,0.27211563804407524,0.2543434148052428,0.6190605118062764,0.336103473443328,0.5474163657097392,0.5702552429215338,0.48988161244276995,0.6052123923429688,0.4841629430553689,0.4785255790796931,0.49164758291512917,0.4714382828224639,0.46833579289936333,0.4881803857825382,0.48150513699892045,0.5649142276661151,0.5431677587644506,0.468818587519983,0.2518329165341778,0.019246820443919267,0.07872308638982889,0.449122763374153,0.0789173309741314,0.25290341323086896,0.44561314449396355,0.3836718308809069,0.10832955846880869,0.2450189162024942,0.3665373901921624,0.2823019022442807,0.4851476628181225,0.49815797016258323,0.46094680484663225,0.11664451606284261,0.1293447520746474,0.4651541204895016,0.46659243807849726,0.04537281621564902,0.24576217215443227,0.5887540253512179,0.4692604156414503,0.4840005589992361,0.13897634740275042,0.25179554383363373,0.38378324031959204,0.28384942397363344,0.4759324056783514,0.4432604822537512,0.10977342791415841,0.11220281107142556,0.4593679387123924,0.22182536093005595,0.47031618259918906,0.4720325723115149,0.4763942534552366,0.47237337322257855,0.21550685507241002,0.1598422407146027,0.07881959680766563,0.24312862529769633,0.4503053021289484,0.25178182263818216,0.18926757267408376,0.6186923665201881,0.1632678455303853,0.47883871051279153,0.46445857217152287,0.14925014350860366,0.38985375772373215,0.2842967202315074,0.47251327046126795,0.4981213218383717,0.46897765906792804,0.10955091683610599,0.4815440347172555,0.334669378751744,0.40209461474743796
